33.920000
18.000000
4.840000
6.400000
5.840000
9.280000
4.680000
11.760000
6.120000
6.160000
4.880000
11.800000
6.000000
14.320000
15.720000
6.040000
5.960000
18.800000
7.320000
23.640000
4.680000
11.760000
5.880000
15.680000
8.520000
26.680000
9.480000
14.800000
6.400000
8.920000
5.200000
6.200000
15.800000
5.720000
19.800000
5.760000
17.960000
7.600000
18.240000
6.920000
7.600000
5.360000
8.440000
8.760000
19.000000
12.920000
17.400000
12.880000
18.160000
7.320000
18.240000
5.320000
7.840000
7.160000
23.360000
6.840000
20.240000
6.480000
11.120000
5.680000
22.320000
6.320000
20.720000
6.240000
24.040000
4.720000
9.320000
5.000000
14.520000
5.360000
18.120000
8.560000
18.440000
36.840000
27.200000
4.600000
11.520000
4.120000
5.360000
15.080000
7.480000
4.440000
8.800000
86.080000
13.640000
67.880000
23.040000
22.480000
63.720000
24.560000
52.640000
6.360000
11.600000
8.720000
8.600000
30.520000
12.480000
6.160000
19.120000
5.080000
17.440000
5.760000
24.320000
5.640000
32.800000
5.160000
14.920000
3.920000
14.840000
5.880000
24.720000
6.160000
25.280000
6.040000
27.920000
5.160000
20.400000
6.200000
24.760000
5.200000
18.720000
4.560000
22.480000
255.640000
28.560000
4.320000
5.320000
5.600000
23.800000
6.320000
26.200000
7.320000
30.520000
4.280000
11.640000
5.680000
23.280000
6.320000
10.040000
5.160000
6.440000
21.800000
5.760000
14.640000
4.400000
8.720000
11.400000
18.720000
21.720000
5.360000
5.400000
52.560000
5.400000
4.320000
6.160000
14.720000
6.160000
4.240000
10.720000
5.200000
22.960000
5.600000
12.280000
6.480000
10.040000
21.480000
9.640000
15.920000
14.680000
4.480000
8.360000
7.280000
18.680000
49.280000
16.040000
10.720000
14.400000
5.040000
17.560000
4.760000
17.880000
6.360000
21.440000
4.240000
15.280000
8.800000
8.480000
4.640000
14.800000
5.720000
18.240000
10.840000
18.560000
4.760000
11.920000
5.240000
15.120000
3.800000
5.760000
7.320000
13.560000
4.600000
16.640000
6.320000
5.920000
4.400000
5.920000
5.440000
5.360000
6.000000
17.360000
6.680000
24.920000
4.760000
10.840000
5.440000
19.200000
5.880000
12.640000
7.600000
10.880000
4.400000
9.040000
7.440000
16.560000
5.880000
11.760000
5.120000
16.800000
4.560000
8.480000
5.920000
17.560000
6.200000
23.480000
5.920000
19.720000
4.880000
10.880000
4.280000
18.960000
4.960000
11.880000
6.200000
29.320000
32.400000
11.040000
6.200000
26.240000
4.960000
23.120000
7.280000
18.840000
82.480000
15.720000
6.480000
24.360000
4.960000
15.800000
4.680000
15.240000
5.800000
22.000000
6.400000
23.280000
90.960000
26.680000
5.320000
5.320000
6.920000
15.800000
6.920000
13.080000
5.440000
5.760000
4.760000
5.920000
7.000000
15.520000
6.320000
15.080000
12.800000
12.520000
7.760000
26.400000
5.400000
17.280000
5.240000
5.720000
7.120000
6.520000
5.800000
8.320000
6.840000
11.640000
5.080000
12.200000
4.880000
9.080000
5.680000
13.680000
4.400000
5.400000
6.560000
22.040000
4.600000
8.480000
4.760000
17.680000
4.880000
15.400000
4.640000
15.440000
7.840000
30.640000
6.480000
18.360000
7.040000
17.280000
4.640000
14.000000
5.760000
16.680000
4.960000
9.800000
5.720000
19.480000
6.520000
18.040000
9.720000
21.920000
6.680000
19.440000
4.240000
5.240000
18.880000
14.560000
6.000000
17.480000
7.120000
15.360000
6.720000
5.400000
5.720000
6.320000
17.200000
6.560000
23.840000
8.200000
21.680000
4.560000
6.000000
6.480000
19.160000
5.640000
12.400000
4.320000
12.200000
5.120000
8.880000
7.200000
5.680000
7.920000
25.560000
6.040000
12.680000
13.640000
15.520000
5.160000
16.120000
5.000000
9.360000
4.840000
6.120000
19.800000
4.680000
9.800000
5.840000
19.560000
6.760000
18.400000
5.040000
5.920000
13.200000
11.640000
4.000000
6.160000
6.720000
22.760000
6.120000
23.480000
4.000000
5.440000
18.560000
5.600000
19.200000
5.560000
18.160000
5.120000
17.160000
5.000000
18.360000
4.920000
20.240000
4.320000
4.560000
18.600000
5.960000
24.920000
6.040000
27.080000
6.120000
23.200000
6.480000
27.600000
6.560000
22.200000
11.800000
9.520000
13.960000
15.280000
6.320000
16.880000
18.440000
15.240000
6.000000
14.080000
8.560000
22.920000
6.200000
23.120000
6.760000
25.720000
36.360000
6.120000
5.440000
12.760000
39.600000
13.120000
4.080000
14.120000
13.200000
8.800000
8.680000
12.320000
4.120000
10.600000
6.160000
23.640000
4.360000
8.880000
4.680000
15.960000
5.600000
18.520000
5.080000
11.360000
5.840000
21.000000
6.520000
19.840000
5.640000
11.080000
5.040000
23.480000
6.360000
15.240000
6.160000
14.960000
5.440000
14.480000
4.560000
11.120000
4.680000
10.360000
6.960000
22.000000
4.760000
18.800000
16.000000
6.280000
5.720000
18.840000
10.040000
29.280000
21.440000
27.240000
4.760000
5.320000
4.360000
10.960000
4.840000
5.680000
62.840000
16.400000
4.120000
5.280000
3.560000
12.040000
6.840000
22.640000
4.840000
9.280000
6.040000
26.480000
4.760000
11.640000
3.720000
4.360000
5.720000
21.880000
7.120000
12.200000
6.320000
22.320000
5.280000
12.160000
22.240000
12.200000
6.680000
29.480000
6.840000
23.480000
5.600000
23.560000
6.320000
15.280000
5.920000
16.520000
4.760000
19.560000
7.040000
31.840000
4.560000
26.160000
5.560000
17.480000
5.680000
22.960000
7.240000
24.520000
4.320000
10.880000
5.840000
11.760000
9.640000
17.640000
4.320000
11.600000
11.520000
8.560000
17.880000
4.240000
5.880000
5.320000
20.080000
9.080000
5.640000
6.080000
14.640000
4.000000
17.400000
6.280000
8.840000
30.240000
11.360000
7.240000
18.400000
40.520000
15.920000
5.840000
12.200000
5.280000
6.040000
6.400000
9.320000
6.320000
14.400000
4.440000
14.280000
8.200000
14.640000
7.840000
27.880000
5.480000
8.720000
4.120000
14.600000
5.000000
11.440000
5.000000
11.240000
6.200000
14.360000
5.160000
12.480000
5.680000
15.760000
12.960000
14.600000
5.120000
9.280000
5.840000
9.160000
6.400000
11.920000
7.240000
17.960000
7.280000
19.480000
4.720000
12.200000
5.920000
7.160000
6.520000
23.640000
12.240000
9.040000
6.520000
17.120000
7.160000
20.320000
4.600000
11.960000
12.520000
20.720000
